[
    -123.398409232788,
    47.6046146187592
],
[
    -123.41980887191,
    47.6046146520112
],
[
    -123.441208481027,
    47.604614654723
],
[
    -123.462608105225,
    47.6046146806675
],
[
    -123.484007702538,
    47.604614676087
],
[
    -123.505916734319,
    47.6046147001544
],
[
    -123.505916727205,
    47.5925645271481
],
[
    -123.505916745012,
    47.5900804295448
],
[
    -123.505916723246,
    47.578091788716
],
[
    -123.50591673966,
    47.5756076491502
],
[
    -123.505916761305,
    47.5636189761757
],
[
    -123.505916738785,
    47.5611348478989
],
[
    -123.50591676351,
    47.5491461473384
],
[
    -123.505916745043,
    47.5466620019694
],
[
    -123.505916768799,
    47.5346732747027
],
[
    -123.505916747833,
    47.5321891400044
],
[
    -123.505916777168,
    47.5202003592048
],
[
    -123.505916756324,
    47.5177737714342
],
[
    -123.505916756208,
    47.51771620784
],
[
    -123.505916788947,
    47.5042264817756
],
[
    -123.50591680347,
    47.4897534734803
],
[
    -123.505916861471,
    47.4752804241814
],
[
    -123.505916916941,
    47.4608073085684
],
[
    -123.505916944694,
    47.4463341830954
],
[
    -123.506079977655,
    47.4317831141693
],
[
    -123.506034730724,
    47.4171083981766
],
[
    -123.506034202564,
    47.4169378230225
],
[
    -123.506022527594,
    47.4026351491263
],
[
    -123.506022402585,
    47.4024818217474
],
[
    -123.505985651463,
    47.3881618738623
],
[
    -123.505985449266,
    47.3880805617167
],
[
    -123.50600497506,
    47.3736885367931
],
[
    -123.506005071018,
    47.3736081464854
],
[
    -123.506007617114,
    47.3592151877205
],
[
    -123.506007625446,
    47.3591189168788
],
[
    -123.505049199423,
    47.3447690413965
],
[
    -123.505070384602,
    47.3439951653984
],
[
    -123.505283130434,
    47.3305151094998
],
[
    -123.505286619803,
    47.3293538046575
],
[
    -123.505587999207,
    47.3145067894635
],
[
    -123.505587748768,
    47.3144754066164
],
[
    -123.50547661373,
    47.3005009862676
],
[
    -123.505462191657,
    47.287073903366
],
[
    -123.505463090872,
    47.272552004687
],
[
    -123.505020731014,
    47.2585353535106
],
[
    -123.490804740266,
    47.2582084450224
],
[
    -123.490740796592,
    47.2527040211189
],
[
    -123.490699168479,
    47.249153492532
],
[
    -123.49061717006,
    47.2421817516141
],
[
    -123.490764782382,
    47.2277565274054
],
[
    -123.490589032682,
    47.2213354010586
],
[
    -123.490363455505,
    47.213091951946
],
[
    -123.490219540705,
    47.1987087620288
],
[
    -123.489778314901,
    47.1838266169576
],
[
    -123.489949982993,
    47.1800225759334
],
[
    -123.49010283739,
    47.1766349667148
],
[
    -123.490038844328,
    47.1692592537056
],
[
    -123.491213249997,
    47.1625960455639
],
[
    -123.489713230356,
    47.1548596084669
],
[
    -123.49022707674,
    47.1476770572339
],
[
    -123.489918888292,
    47.1404653542165
],
[
    -123.489970215083,
    47.1299717791867
],
[
    -123.489988764033,
    47.1257998353414
],
[
    -123.48917371675,
    47.1112661887826
],
[
    -123.48973772951,
    47.0972475861578
],
[
    -123.489733045898,
    47.0899250156492
],
[
    -123.48894346438,
    47.0826457218845
],
[
    -123.483666714558,
    47.0825093948607
],
[
    -123.483546197575,
    47.0825062763846
],
[
    -123.483509885687,
    47.0825053382853
],
[
    -123.483246607182,
    47.0824985316844
],
[
    -123.483210874418,
    47.0824976059604
],
[
    -123.483090470254,
    47.0824944923254
],
[
    -123.474003385715,
    47.0822591125057
],
[
    -123.46661525099,
    47.0824892893185
],
[
    -123.451202511457,
    47.082967947288
],
[
    -123.430839987334,
    47.0828733856841
],
[
    -123.409637811662,
    47.0832919424889
],
[
    -123.399981928638,
    47.0830770010043
],
[
    -123.391512494215,
    47.0826101294224
],
[
    -123.388488085022,
    47.0824432560415
],
[
    -123.368698116552,
    47.082447536726
],
[
    -123.350030245458,
    47.083160155568
],
[
    -123.336014031842,
    47.0836011736772
],
[
    -123.329085771056,
    47.0838185382978
],
[
    -123.308135483013,
    47.0842181274081
],
[
    -123.287204467631,
    47.0846034562458
],
[
    -123.279931333158,
    47.0847477944231
],
[
    -123.279704850755,
    47.0847522801425
],
[
    -123.26530374957,
    47.0850366960448
],
[
    -123.260215189532,
    47.0850476761332
],
[
    -123.255242723951,
    47.0848931089255
],
[
    -123.245015530652,
    47.0847971797573
],
[
    -123.233822049458,
    47.0851278688361
],
[
    -123.231271432255,
    47.0851477400837
],
[
    -123.223322797447,
    47.0852092989277
],
[
    -123.21295258144,
    47.0849815331056
],
[
    -123.201890903532,
    47.0850588133591
],
[
    -123.196425462985,
    47.0849194004578
],
[
    -123.185644502274,
    47.0846442685904
],
[
    -123.183697216304,
    47.0845944842993
],
[
    -123.180186202059,
    47.0845046362121
],
[
    -123.159426012778,
    47.084998502106
],
[
    -123.148862199378,
    47.0851398027361
],
[
    -123.148775770535,
    47.0851409547123
],
[
    -123.138298290637,
    47.0852801379152
],
[
    -123.127826658452,
    47.0853560089
],
[
    -123.118801149697,
    47.0852442750909
],
[
    -123.117236016447,
    47.0852248275886
],
[
    -123.116604589377,
    47.0852244622679
],
[
    -123.108430864902,
    47.0852194157677
],
[
    -123.106611957946,
    47.0852195547914
],
[
    -123.099177246939,
    47.0853222697829
],
[
    -123.096067161291,
    47.0853641404952
],
[
    -123.086804802281,
    47.0852304205608
],
[
    -123.085551731656,
    47.0852122742742
],
[
    -123.083899125347,
    47.0851459399871
],
[
    -123.075029434225,
    47.0847887333553
],
[
    -123.074988316046,
    47.0880985905009
],
[
    -123.074953503887,
    47.0910864757854
],
[
    -123.074948896306,
    47.091822755958
],
[
    -123.074957152504,
    47.092846535081
],
[
    -123.074978746438,
    47.0955235848144
],
[
    -123.074980445007,
    47.0957341644295
],
[
    -123.074993970453,
    47.0974110031195
],
[
    -123.074983621861,
    47.0979623021259
],
[
    -123.074974618194,
    47.0989062975348
],
[
    -123.074969577523,
    47.0989484889551
],
[
    -123.074736174106,
    47.1044487615206
],
[
    -123.07396879504,
    47.1056471721927
],
[
    -123.073653716297,
    47.1062422674648
],
[
    -123.07209801609,
    47.1073821036772
],
[
    -123.071977014699,
    47.1074633243011
],
[
    -123.069733815946,
    47.1089689025483
],
[
    -123.069409973666,
    47.1091733285431
],
[
    -123.066449456445,
    47.1110420628686
],
[
    -123.064793175524,
    47.1118887141684
],
[
    -123.064483137582,
    47.1120471931376
],
[
    -123.063877142839,
    47.1123569448238
],
[
    -123.063267333155,
    47.1126274835865
],
[
    -123.062376848155,
    47.1130225292833
],
[
    -123.060583078204,
    47.1140248337426
],
[
    -123.058747134565,
    47.114520895164
],
[
    -123.057284793675,
    47.1148518494894
],
[
    -123.055391610376,
    47.11528027653
],
[
    -123.054885976108,
    47.115345094851
],
[
    -123.054234247932,
    47.1154286354579
],
[
    -123.052657353692,
    47.1156311424714
],
[
    -123.051202647163,
    47.1158179370466
],
[
    -123.051061151526,
    47.1158263566291
],
[
    -123.050753632102,
    47.1158446614036
],
[
    -123.048837510348,
    47.1159586923304
],
[
    -123.048171119112,
    47.1159983422971
],
[
    -123.047031664011,
    47.1159926594008
],
[
    -123.046745769326,
    47.1159912329055
],
[
    -123.046509029002,
    47.1159900497534
],
[
    -123.04431542147,
    47.115979068042
],
[
    -123.042179884399,
    47.1158596824321
],
[
    -123.040377148565,
    47.1157588674623
],
[
    -123.040254916137,
    47.1157520312654
],
[
    -123.04011698615,
    47.1157443166749
],
[
    -123.036409442414,
    47.1151588334666
],
[
    -123.035153874739,
    47.1150351648631
],
[
    -123.034109308119,
    47.1150409417232
],
[
    -123.032969530547,
    47.1154136162451
],
[
    -123.032677972173,
    47.1154061536379
],
[
    -123.03217515716,
    47.1153932816328
],
[
    -123.030566601269,
    47.1153520863926
],
[
    -123.029651636196,
    47.1154768556456
],
[
    -123.027259436109,
    47.1158030285801
],
[
    -123.024540387367,
    47.1166912633227
],
[
    -123.021359095722,
    47.118093913278
],
[
    -123.021089584622,
    47.1183241147524
],
[
    -123.016574030122,
    47.1221806515572
],
[
    -123.0153894124,
    47.1237923393701
],
[
    -123.014519009985,
    47.1261950818811
],
[
    -123.014492381192,
    47.1263037865008
],
[
    -123.014260788807,
    47.1272492807464
],
[
    -123.012994222875,
    47.1316717277649
],
[
    -123.012369288005,
    47.134407912186
],
[
    -123.011463567319,
    47.1383643707631
],
[
    -123.011243667655,
    47.139681395642
],
[
    -123.011012737366,
    47.140701838187
],
[
    -123.01083371458,
    47.1414928882868
],
[
    -123.01086543937,
    47.1415481045631
],
[
    -123.010925779695,
    47.1416565198473
],
[
    -123.010455917701,
    47.1433263376926
],
[
    -123.009997597433,
    47.144360861182
],
[
    -123.008515196187,
    47.1463698172359
],
[
    -123.006830715921,
    47.1479922351423
],
[
    -123.004628737957,
    47.149794873137
],
[
    -123.002435019047,
    47.1513017402282
],
[
    -122.999997421329,
    47.1526531416061
],
[
    -122.999656597886,
    47.1528420834524
],
[
    -122.997398336767,
    47.153982633628
],
[
    -122.995394028022,
    47.1549232826496
],
[
    -122.9949665379,
    47.1550999125044
],
[
    -122.991890769165,
    47.1563706765253
],
[
    -122.991860566848,
    47.1563831531898
],
[
    -122.99111655408,
    47.1566905223988
],
[
    -122.986559442932,
    47.1582424346683
],
[
    -122.984452214068,
    47.158855566021
],
[
    -122.981428457299,
    47.1592181137999
],
[
    -122.978888902421,
    47.1596386678089
],
[
    -122.978730434202,
    47.1596649048177
],
[
    -122.975900429928,
    47.1601334819673
],
[
    -122.971061521578,
    47.1611267653633
],
[
    -122.969123110572,
    47.1615247564827
],
[
    -122.968175207089,
    47.1619033249147
],
[
    -122.965470493588,
    47.1628257707927
],
[
    -122.961224560116,
    47.1644365653312
],
[
    -122.957774822032,
    47.1666618547829
],
[
    -122.956078942477,
    47.1677556899093
],
[
    -122.953673148295,
    47.1694883723286
],
[
    -122.952819268713,
    47.1701033065042
],
[
    -122.952406134759,
    47.1706582964187
],
[
    -122.95221664041,
    47.1709133058224
],
[
    -122.950965312187,
    47.1723188844354
],
[
    -122.950364256905,
    47.1731212955876
],
[
    -122.950187919609,
    47.1733564642247
],
[
    -122.949234763294,
    47.173891995357
],
[
    -122.94754367099,
    47.1779247626199
],
[
    -122.947177616399,
    47.1802236437511
],
[
    -122.947144938294,
    47.181538613006
],
[
    -122.947455369575,
    47.1826131347912
],
[
    -122.94746063765,
    47.1838832879322
],
[
    -122.947461418468,
    47.1840716200433
],
[
    -122.947133620488,
    47.1853115583954
],
[
    -122.947045968962,
    47.1856408502586
],
[
    -122.946099175701,
    47.1867628955405
],
[
    -122.945240595754,
    47.1874004616723
],
[
    -122.944499388118,
    47.1879508517466
],
[
    -122.942355605608,
    47.1890347073457
],
[
    -122.941956178612,
    47.1891662205917
],
[
    -122.939885272433,
    47.1899296116708
],
[
    -122.938156348229,
    47.1903161329896
],
[
    -122.937215658317,
    47.1903369720314
],
[
    -122.936635812172,
    47.1899903721453
],
[
    -122.936512539708,
    47.1899166851553
],
[
    -122.935932687807,
    47.1887541950792
],
[
    -122.935588831919,
    47.187292872042
],
[
    -122.935883104227,
    47.185240372468
],
[
    -122.936078079374,
    47.1838775365808
],
[
    -122.93614515482,
    47.183408677531
],
[
    -122.935806080947,
    47.1827626473392
],
[
    -122.934816534994,
    47.1819684454931
],
[
    -122.932416985721,
    47.1807763673761
],
[
    -122.930110733735,
    47.1799569846519
],
[
    -122.928372427579,
    47.1798405465138
],
[
    -122.922314275521,
    47.1794357492941
],
[
    -122.920004463534,
    47.1779726973838
],
[
    -122.918425880249,
    47.17740190111
],
[
    -122.915536088984,
    47.1768243919868
],
[
    -122.913545371752,
    47.176426513891
],
[
    -122.911340809903,
    47.1759564598421
],
[
    -122.911286286965,
    47.1747407118819
],
[
    -122.910941379331,
    47.1735080590376
],
[
    -122.909694468932,
    47.1712672737609
],
[
    -122.909629506044,
    47.1706184686972
],
[
    -122.909439347703,
    47.1694620841429
],
[
    -122.909336040577,
    47.1688338109251
],
[
    -122.908069224951,
    47.165963586401
],
[
    -122.906861857127,
    47.163723987944
],
[
    -122.906696844704,
    47.1634181909609
],
[
    -122.906448996377,
    47.1629588792521
],
[
    -122.905857755749,
    47.1618631532364
],
[
    -122.903521407927,
    47.15753283129
],
[
    -122.9024167594,
    47.1573805687287
],
[
    -122.895533718515,
    47.157151013979
],
[
    -122.894459158409,
    47.1574082871858
],
[
    -122.892879648511,
    47.1577864316468
],
[
    -122.891650278611,
    47.1578818161604
],
[
    -122.890678601736,
    47.1579392771885
],
[
    -122.886437594427,
    47.1579336139197
],
[
    -122.884794725276,
    47.1579318574988
],
[
    -122.88362240268,
    47.1579986838056
],
[
    -122.882175270765,
    47.1580811568344
],
[
    -122.879950452977,
    47.1583337209003
],
[
    -122.877314121031,
    47.1590116405207
],
[
    -122.873344262752,
    47.1604557789172
],
[
    -122.871440206041,
    47.1611483525063
],
[
    -122.869271146056,
    47.1624878432484
],
[
    -122.866580325417,
    47.1644949156766
],
[
    -122.865128900908,
    47.1653178001827
],
[
    -122.865035663636,
    47.1653706472668
],
[
    -122.864998901299,
    47.1653916424242
],
[
    -122.864460570576,
    47.1655915862431
],
[
    -122.859664679628,
    47.167020538468
],
[
    -122.855845413193,
    47.1694073522225
],
[
    -122.854271599419,
    47.170390789569
],
[
    -122.854254765261,
    47.1704031739186
],
[
    -122.852203673457,
    47.1719084000259
],
[
    -122.851027014716,
    47.17277186064
],
[
    -122.847860562645,
    47.1754296286553
],
[
    -122.846621592405,
    47.1766313726844
],
[
    -122.845197461994,
    47.1780126357045
],
[
    -122.843949140073,
    47.1794625733314
],
[
    -122.843225396006,
    47.1803031912945
],
[
    -122.842754589228,
    47.181107981721
],
[
    -122.842184469079,
    47.1820825034297
],
[
    -122.84079819207,
    47.1837850626753
],
[
    -122.840706457843,
    47.1838977200633
],
[
    -122.839631089274,
    47.1849353782159
],
[
    -122.838822114893,
    47.1857160050578
],
[
    -122.836640477523,
    47.1874558836993
],
[
    -122.834336930108,
    47.1887997980534
],
[
    -122.831609855658,
    47.1899378968557
],
[
    -122.83103248266,
    47.1901335968705
],
[
    -122.829313647265,
    47.1907161792338
],
[
    -122.827263732146,
    47.1913251756374
],
[
    -122.825376094712,
    47.1917814333741
],
[
    -122.822990871601,
    47.1926412080212
],
[
    -122.822721093981,
    47.1928002142428
],
[
    -122.821715468384,
    47.1933919545822
],
[
    -122.820576113566,
    47.194220590337
],
[
    -122.821489168413,
    47.1978448470437
],
[
    -122.821517825802,
    47.1981542610126
],
[
    -122.821549431481,
    47.1984954937809
],
[
    -122.821615416497,
    47.1992079492623
],
[
    -122.821761234127,
    47.200790062587
],
[
    -122.822312777178,
    47.2039617999801
],
[
    -122.822600986337,
    47.2061379857108
],
[
    -122.822695285635,
    47.2068530305423
],
[
    -122.823557733634,
    47.2101364580837
],
[
    -122.824038601575,
    47.2108310390376
],
[
    -122.823709237071,
    47.2117791503804
],
[
    -122.823690559091,
    47.2125551460229
],
[
    -122.823683335716,
    47.2128555660943
],
[
    -122.823772045368,
    47.2138364273612
],
[
    -122.823837706905,
    47.2145643878479
],
[
    -122.824281312188,
    47.2160716101917
],
[
    -122.825192103763,
    47.2179548208227
],
[
    -122.827094289223,
    47.2193933047412
],
[
    -122.830600217703,
    47.2215105977765
],
[
    -122.830932137404,
    47.2217416508592
],
[
    -122.831944997643,
    47.2224466988522
],
[
    -122.831956252679,
    47.2224545334426
],
[
    -122.83324072628,
    47.2233486208567
],
[
    -122.835541232044,
    47.225233934654
],
[
    -122.836939809376,
    47.2267465222445
],
[
    -122.837076938576,
    47.2269723981547
],
[
    -122.837976458847,
    47.2284539655059
],
[
    -122.838340867841,
    47.2290551695179
],
[
    -122.839547363353,
    47.2314233033209
],
[
    -122.84047780421,
    47.2335539422963
],
[
    -122.841273700088,
    47.2356450705699
],
[
    -122.842049738656,
    47.2367714180628
],
[
    -122.843113980598,
    47.2383184576326
],
[
    -122.844652616104,
    47.24016654107
],
[
    -122.845878518743,
    47.2413819704227
],
[
    -122.846446075127,
    47.2419446543523
],
[
    -122.847249652289,
    47.2430279066153
],
[
    -122.848831465142,
    47.2453732512636
],
[
    -122.850041695936,
    47.2475323867815
],
[
    -122.851187175903,
    47.2497737120319
],
[
    -122.851593328271,
    47.2509870421911
],
[
    -122.851980769108,
    47.2521444202704
],
[
    -122.852002938502,
    47.2522106521364
],
[
    -122.852554767388,
    47.2543227598724
],
[
    -122.85280084316,
    47.2557884718044
],
[
    -122.852914630037,
    47.2564662203334
],
[
    -122.852914038776,
    47.2578314702306
],
[
    -122.852844843604,
    47.2594700385345
],
[
    -122.852565353937,
    47.2634802791642
],
[
    -122.852291050124,
    47.2655878993909
],
[
    -122.851939895761,
    47.2668141553316
],
[
    -122.851672443154,
    47.2677480930948
],
[
    -122.850950011779,
    47.2697461727329
],
[
    -122.850742088705,
    47.2701831957208
],
[
    -122.849907500725,
    47.2719372521062
],
[
    -122.848928319798,
    47.2738277346093
],
[
    -122.847739409462,
    47.2758533996068
],
[
    -122.84689052072,
    47.2769382699627
],
[
    -122.846254549171,
    47.2777509993679
],
[
    -122.844802955407,
    47.2793969306552
],
[
    -122.843417008875,
    47.2807713491757
],
[
    -122.841239443005,
    47.2828042522096
],
[
    -122.839288880765,
    47.2844762883725
],
[
    -122.839175965871,
    47.2845648845749
],
[
    -122.837258194786,
    47.2860696380973
],
[
    -122.836383930363,
    47.2866824578848
],
[
    -122.835196606996,
    47.287513835312
],
[
    -122.833947746739,
    47.28844914107
],
[
    -122.831011367338,
    47.2906480784118
],
[
    -122.83071207148,
    47.2908805034018
],
[
    -122.826799272182,
    47.2939187940009
],
[
    -122.824801553202,
    47.2955455666382
],
[
    -122.822505730528,
    47.2975540384038
],
[
    -122.821091588322,
    47.2987898811712
],
[
    -122.820935936541,
    47.2989352283082
],
[
    -122.818470724217,
    47.301237091677
],
[
    -122.81747946031,
    47.3021623630465
],
[
    -122.816764616106,
    47.3029100294325
],
[
    -122.815785793683,
    47.3039337651754
],
[
    -122.814229247967,
    47.3057081891962
],
[
    -122.812098112173,
    47.3086552839396
],
[
    -122.81018068264,
    47.3116069929737
],
[
    -122.80947255761,
    47.3128263694647
],
[
    -122.809189615545,
    47.3133135747896
],
[
    -122.809076831564,
    47.3135077790637
],
[
    -122.808097561847,
    47.315492798075
],
[
    -122.806162912951,
    47.3206807700148
],
[
    -122.804823598512,
    47.3248989832826
],
[
    -122.804297944055,
    47.3269345958017
],
[
    -122.804170924115,
    47.3277023461694
],
[
    -122.803923314905,
    47.3291989600767
],
[
    -122.803859927935,
    47.3300004151548
],
[
    -122.803758184697,
    47.3312705986748
],
[
    -122.803738923511,
    47.33335716307
],
[
    -122.8038735974,
    47.3346123665767
],
[
    -122.804316424797,
    47.3369352275369
],
[
    -122.804729145507,
    47.3379939530205
],
[
    -122.805302442607,
    47.3391280104811
],
[
    -122.805795340308,
    47.3398923515953
],
[
    -122.806023927914,
    47.3403670981797
],
[
    -122.806234042076,
    47.340803462192
],
[
    -122.806707611,
    47.3419627809724
],
[
    -122.80675006909,
    47.3421039034211
],
[
    -122.807794310628,
    47.3455746073919
],
[
    -122.807765918809,
    47.346203940528
],
[
    -122.807600101254,
    47.3470389716425
],
[
    -122.807224722477,
    47.348162014573
],
[
    -122.806666855426,
    47.3493586505114
],
[
    -122.806214948988,
    47.3499233647694
],
[
    -122.80505863152,
    47.3510012486317
],
[
    -122.803495549623,
    47.3526634956534
],
[
    -122.802699882802,
    47.3535886283025
],
[
    -122.801904127055,
    47.3545138276756
],
[
    -122.801444617676,
    47.3552795749527
],
[
    -122.80119344651,
    47.3559157368911
],
[
    -122.801090890778,
    47.3564913843078
],
[
    -122.801082871152,
    47.3565364113672
],
[
    -122.801072456318,
    47.3574311506351
],
[
    -122.801072362673,
    47.3574390268164
],
[
    -122.801071846734,
    47.3574834058889
],
[
    -122.801060714497,
    47.3584397410989
],
[
    -122.801060389891,
    47.3584536119358
],
[
    -122.801024808539,
    47.3599768941541
],
[
    -122.801251512531,
    47.3744616467489
],
[
    -122.801273020039,
    47.3814705523981
],
[
    -122.801296224595,
    47.3890315429872
],
[
    -122.801276766443,
    47.3926781209425
],
[
    -122.801237361819,
    47.396306218935
],
[
    -122.801198556022,
    47.4035777595074
],
[
    -122.801053813627,
    47.4181580607193
],
[
    -122.800950908653,
    47.4325484406614
],
[
    -122.800723001423,
    47.4399315866449
],
[
    -122.80049573826,
    47.447314601123
],
[
    -122.800630737233,
    47.4621460448342
],
[
    -122.80084478222,
    47.4762505201237
],
[
    -122.800908316723,
    47.4835267983205
],
[
    -122.800918727076,
    47.4837597184054
],
[
    -122.800950970401,
    47.4843442884176
],
[
    -122.801311711046,
    47.4908348938327
],
[
    -122.801301250962,
    47.498209389788
],
[
    -122.801292820589,
    47.5055823754912
],
[
    -122.801222760421,
    47.5092767128897
],
[
    -122.801011637048,
    47.520405877728
],
[
    -122.811208584636,
    47.5205788012904
],
[
    -122.81383830016,
    47.520623253074
],
[
    -122.816307204789,
    47.5206649326368
],
[
    -122.821401150649,
    47.5207560024741
],
[
    -122.828104525222,
    47.5208587866875
],
[
    -122.828590886114,
    47.5208769173715
],
[
    -122.831339370303,
    47.520979337767
],
[
    -122.831857514352,
    47.5209986366192
],
[
    -122.842243805507,
    47.5213830895293
],
[
    -122.847723764947,
    47.5213524737365
],
[
    -122.847970485876,
    47.5213510080585
],
[
    -122.848187946132,
    47.5213497124984
],
[
    -122.853844764503,
    47.5213159099273
],
[
    -122.854720208315,
    47.5213106941675
],
[
    -122.855125617714,
    47.5213082768097
],
[
    -122.855515435513,
    47.5213059513901
],
[
    -122.859718185934,
    47.5212961132396
],
[
    -122.864783187397,
    47.5212840563329
],
[
    -122.870159447421,
    47.5213718186337
],
[
    -122.875537621385,
    47.5214601853465
],
[
    -122.886158872605,
    47.5216551801864
],
[
    -122.907301087077,
    47.5219121229491
],
[
    -122.928922307466,
    47.5223428809917
],
[
    -122.939664956227,
    47.5225122420435
],
[
    -122.950689397314,
    47.5220267253907
],
[
    -122.961380365254,
    47.5216874458128
],
[
    -122.97194067771,
    47.5214472946326
],
[
    -122.982255071304,
    47.5208941517735
],
[
    -122.993623395223,
    47.5202832305606
],
[
    -123.004300944819,
    47.5202942364718
],
[
    -123.009648152411,
    47.5202977217359
],
[
    -123.01499614122,
    47.5202952670987
],
[
    -123.020348771593,
    47.5203051378224
],
[
    -123.023025367413,
    47.5203099062777
],
[
    -123.023041733499,
    47.5203098285519
],
[
    -123.024260461361,
    47.5203040145394
],
[
    -123.038404233325,
    47.5202356138291
],
[
    -123.031911106743,
    47.529422295291
],
[
    -123.029319968644,
    47.5330873229315
],
[
    -123.026729408308,
    47.5355547410786
],
[
    -123.021258607074,
    47.5407628491427
],
[
    -123.018044574185,
    47.5438219550142
],
[
    -123.017704068263,
    47.5441460214324
],
[
    -123.015422706961,
    47.5463172840224
],
[
    -123.011991121887,
    47.5495828441688
],
[
    -123.009402924042,
    47.5520454882542
],
[
    -123.002911864848,
    47.558219963289
],
[
    -122.999997594326,
    47.5609915117004
],
[
    -122.996265707829,
    47.5645400946565
],
[
    -122.994794565165,
    47.5658147200902
],
[
    -122.994009503316,
    47.5666392151258
],
[
    -122.991274356397,
    47.5694214931983
],
[
    -122.99042168405,
    47.5703626247906
],
[
    -122.989483477793,
    47.5715784428432
],
[
    -122.988768313453,
    47.5726160374019
],
[
    -122.986252079053,
    47.5762663522052
],
[
    -122.984974041708,
    47.5782823547633
],
[
    -122.984599796583,
    47.578971522972
],
[
    -122.982000699766,
    47.584394533857
],
[
    -122.980557758072,
    47.5869693372474
],
[
    -122.980528663884,
    47.5870114605158
],
[
    -122.979356576846,
    47.5887083457855
],
[
    -122.978716892182,
    47.5895754146648
],
[
    -122.976454129215,
    47.5926422318897
],
[
    -122.975313684406,
    47.59394826708
],
[
    -122.974261192328,
    47.5950110733419
],
[
    -122.973015973117,
    47.5960926852239
],
[
    -122.970754997381,
    47.5977001209245
],
[
    -122.969367034513,
    47.5985697806798
],
[
    -122.967673415966,
    47.5994736451915
],
[
    -122.966315497079,
    47.6000752249983
],
[
    -122.964910375813,
    47.6006212341064
],
[
    -122.962746454549,
    47.601403604399
],
[
    -122.957425002454,
    47.6033273263844
],
[
    -122.956634260294,
    47.6036131495648
],
[
    -122.954569717847,
    47.6044828044694
],
[
    -122.95233294289,
    47.6055336522429
],
[
    -122.952103365754,
    47.6056560544793
],
[
    -122.951171765997,
    47.605988981217
],
[
    -122.950620726074,
    47.6063083895738
],
[
    -122.957422516306,
    47.6063926508582
],
[
    -122.978709970495,
    47.6066537966572
],
[
    -122.986057204234,
    47.6068527214012
],
[
    -122.986643928894,
    47.6068616430803
],
[
    -122.986868535597,
    47.606865058484
],
[
    -122.986915090016,
    47.6068651927169
],
[
    -122.990887691424,
    47.6068766099005
],
[
    -122.993005173094,
    47.6068826402615
],
[
    -122.996267482087,
    47.6068271322077
],
[
    -122.998195324266,
    47.6068519000201
],
[
    -123.00144538061,
    47.606865798955
],
[
    -123.003607719411,
    47.606915669849
],
[
    -123.008909490993,
    47.6069323144888
],
[
    -123.012114580192,
    47.606941790834
],
[
    -123.014211265473,
    47.6069487099083
],
[
    -123.018960214774,
    47.6069511930282
],
[
    -123.024849552934,
    47.6069540035099
],
[
    -123.035440209695,
    47.6069571191185
],
[
    -123.041010405177,
    47.6069697585814
],
[
    -123.046116625874,
    47.6069811051958
],
[
    -123.051676097407,
    47.6069984475284
],
[
    -123.056775556717,
    47.6070141134457
],
[
    -123.062342498258,
    47.6070528266387
],
[
    -123.067409083357,
    47.6070878229467
],
[
    -123.077019191821,
    47.6069687806531
],
[
    -123.083295043779,
    47.6069226281972
],
[
    -123.098420533791,
    47.6073571920764
],
[
    -123.098943573891,
    47.6073726597842
],
[
    -123.105150156271,
    47.6073895200423
],
[
    -123.12070672073,
    47.6073898152579
],
[
    -123.124120413838,
    47.6073984427744
],
[
    -123.126279403284,
    47.6073955796806
],
[
    -123.142112920326,
    47.6074017839068
],
[
    -123.145521171571,
    47.6074062880051
],
[
    -123.145838824854,
    47.6074064578955
],
[
    -123.163519358406,
    47.6074152493089
],
[
    -123.166921933735,
    47.6074191206269
],
[
    -123.167239591261,
    47.6074193144227
],
[
    -123.184917930623,
    47.6074302883329
],
[
    -123.188322673794,
    47.6074306329184
],
[
    -123.188640328693,
    47.6074307136358
],
[
    -123.206324415745,
    47.6074356801833
],
[
    -123.206472794294,
    47.6074351953835
],
[
    -123.206579900963,
    47.6074358358312
],
[
    -123.20967963624,
    47.6074409641247
],
[
    -123.209723444778,
    47.6074410705184
],
[
    -123.231080477543,
    47.6074930682076
],
[
    -123.231124330726,
    47.6074931655191
],
[
    -123.249241455793,
    47.6074580808439
],
[
    -123.249320942809,
    47.6074579070393
],
[
    -123.255340804854,
    47.6074583149022
],
[
    -123.256476345315,
    47.6074583533457
],
[
    -123.270701164843,
    47.6074579427556
],
[
    -123.270721727376,
    47.6074579203803
],
[
    -123.292122473901,
    47.607457957717
],
[
    -123.313523262114,
    47.6074579623251
],
[
    -123.334924055956,
    47.6074579899554
],
[
    -123.356324813587,
    47.6074579868082
],
[
    -123.36702523178,
    47.6074580066967
],
[
    -123.377009604295,
    47.6069080560141
],
[
    -123.377009605584,
    47.6046146087388
],
[
    -123.398409232788,
    47.6046146187592
]